dc17a/twopct_original.ecsv
# %ECSV 0.9
# ---
# datatype:
# - {name: MJD, datatype: float64}
# - {name: EXPTIME, datatype: float64}
# - {name: PROGRAM, datatype: string}
# - {name: PASS, datatype: int32}
# - {name: TILEID, datatype: int32}
# - {name: RA, datatype: float64}
# - {name: DEC, datatype: float64}
# - {name: MOONFRAC, datatype: float64}
# - {name: MOONDIST, datatype: float64}
# - {name: MOONALT, datatype: float64}
# - {name: SEEING, datatype: float64}
# - {name: AIRMASS, datatype: float64}
# meta: !!omap
# - {START: '2019-08-23'}
# - {STOP: '2019-10-06'}
MJD EXPTIME PROGRAM PASS TILEID RA DEC MOONFRAC MOONDIST MOONALT SEEING AIRMASS
58725.131593 1992.40320598 DARK 0 1238 264.39 16.15 0.00138437589606 104.880792354 -9.65042806605 1.48514400262 1.03938145173
58725.1576009 2127.0872971 DARK 0 1217 267.12 20.06 0.00138437589606 105.64066382 -16.1764834265 1.4976118985 1.02764915483
58725.1778432 1628.92663789 DARK 0 2184 271.96 38.43 0.00138437589606 101.586817947 -22.7679130888 1.48512612151 1.01943950027
58725.1988229 1692.6520902 DARK 0 2161 275.71 37.81 0.00138437589606 104.291444682 -27.5746450568 1.48914025502 1.02814742454
58725.2317834 2701.93256445 DARK 0 460 310.67 -9.15 0.00138437589606 155.001683307 -32.1747194062 1.44321150983 1.36385208724
58725.2688923 3086.20884031 DARK 0 946 318.23 -10.54 0.00138437589606 161.976673941 -38.3731775497 1.41358347103 1.37255451376
58725.2973867 2341.90984438 DARK 0 932 329.29 -11.9 0.00138437589606 172.20852046 -43.3098402063 1.40782795481 1.39557600613
58725.3250164 2267.21068343 DARK 0 2356 337.28 -2.71 0.00138437589606 170.034726759 -45.1978035306 1.4037910965 1.21847344056
58725.3533864 2331.165156 DARK 0 2408 343.23 -10.61 0.00138437589606 174.84290501 -45.2173378716 1.40401719027 1.35797046442
58725.3786293 2060.98820557 DARK 0 2397 350.4 -8.02 0.00138437589606 167.880279853 -43.3796618151 1.40862217196 1.30770251341
58725.4037059 2046.61827169 DARK 0 596 1.37 -7.99 0.00138437589606 157.974978954 -40.3256110296 1.37468288752 1.30507720392
58725.4290537 2070.05055107 DARK 0 623 9.98 -13.25 0.00138437589606 150.661774125 -36.1986160727 1.3462524134 1.42056130645
58725.4506255 1743.79929088 DARK 0 1587 13.44 0.0 0.00138437589606 145.049247871 -31.1535344083 1.38091258461 1.18953033983
58725.4725246 1772.08413979 DARK 0 544 18.75 0.0 0.00138437589606 140.467153186 -26.3231768159 1.40159330272 1.19767845618
58725.5004535 2293.06042722 DARK 0 300 32.14 -16.38 0.00138437589606 130.50845598 -21.0277482279 1.40368146501 1.51078495227
58727.1227432 1975.95531278 GRAY 4 24303 265.98 14.91 0.0546359471905 82.4120707448 9.55755200749 0.795408761098 1.04663417817
58727.1438688 1705.2530324 GRAY 4 24302 265.87 17.63 0.0546359471905 81.9838688469 2.50366560442 0.779142568954 1.03804776963
58727.1654915 1748.19997548 DARK 0 3492 270.0 26.67 0.0546359471905 85.4558415619 -2.55386279907 0.770950218839 1.01650714605
58727.1871611 1742.1067497 DARK 0 2247 273.68 66.56 0.0546359471905 87.3266590159 -10.3779115145 0.794871453409 1.23048119514
58727.1928083 367.917913327 BRIGHT 5 30975 273.35 38.43 0.0546359471905 87.6137415885 -16.6588962725 0.78372218587 1.06026227145
58727.2163806 1896.12344161 DARK 0 479 310.33 -6.13 0.0546359471905 126.03080703 -18.2767853793 0.784496108489 1.30358393281
58727.2246881 597.772942277 BRIGHT 5 29291 311.25 -9.05 0.0546359471905 126.420000162 -24.9205684416 0.809489837247 1.33063306768
58727.245053 1639.52681373 DARK 0 34 323.25 10.28 0.0546359471905 136.636449514 -27.2114941439 0.790642964363 1.10513471301
58727.2536798 625.350968836 BRIGHT 5 29733 320.95 -9.02 0.0546359471905 135.459667556 -32.6845144805 0.786703387011 1.32869175158
58727.2786897 2040.85602119 DARK 0 951 326.23 -11.25 0.0546359471905 140.142899419 -34.929788906 0.788444647731 1.38191022524
58727.3026185 1947.45072883 DARK 0 2349 332.35 -12.32 0.0546359471905 145.305861173 -41.1192892564 0.764785304628 1.39984437522
58727.329326 2187.52749867 DARK 0 2390 338.41 -12.94 0.0546359471905 150.331640702 -46.4485819224 0.779195712882 1.4120351459
58727.3542643 2034.67425266 DARK 0 2419 344.28 -13.18 0.0546359471905 155.024591241 -51.409799109 0.774010659602 1.41983600255
58727.3780164 1932.17950993 DARK 0 621 4.27 -13.25 0.0546359471905 168.08853416 -54.7261667247 0.789710756323 1.43639618439
58727.3990006 1693.03408704 DARK 0 580 2.72 -5.34 0.0546359471905 173.769151014 -56.3454099165 0.795077920862 1.25798736966
58727.42266 1924.16760231 DARK 0 599 9.6 -8.02 0.0546359471905 173.265252903 -56.3438833692 0.806225520969 1.3066768744
58727.4455116 1854.38563918 DARK 0 604 15.72 -13.18 0.0546359471905 166.174649789 -54.7327168761 0.812468549669 1.42440479909
58727.4702859 2020.49717692 DARK 0 542 25.89 -17.35 0.0546359471905 156.809538496 -51.7575786812 0.799096394852 1.536868121
58727.4929218 1835.73825934 DARK 0 545 28.49 -9.82 0.0546359471905 159.11739408 -47.3033322857 0.800673474219 1.36218916045
58727.5191943 2149.94202873 DARK 0 318 37.54 -17.34 0.0546359471905 148.1994775 -42.4154679156 0.808247463439 1.55560964246
58728.1177019 415.271051639 BRIGHT 5 29542 256.19 24.6 0.122028807563 63.4679647473 13.4277472195 1.00167336229 1.02983215195
58728.1252176 529.35013348 BRIGHT 5 30075 259.01 16.93 0.122028807563 64.1131525115 11.6202179104 1.00821281914 1.05726810828
58728.1320149 467.293088957 BRIGHT 5 30059 258.89 19.84 0.122028807563 64.552594289 9.42451870548 1.01154584039 1.05435136949
58728.1511379 1532.22615382 GRAY 4 24259 265.9 29.06 0.122028807563 72.8216503811 7.44000297326 0.957587221761 1.01514253994
58728.1706379 1564.79467978 GRAY 4 25211 272.61 33.59 0.122028807563 79.2178601319 1.9584564261 0.951888151101 1.01404746905
58728.1893219 1494.30053575 DARK 0 2181 278.61 44.59 0.122028807563 85.5353759055 -2.65714272984 0.941899792067 1.03939942966
58728.214374 2013.66558202 DARK 0 478 312.55 -4.61 0.122028807563 114.108451467 -9.68438349774 0.941794460977 1.29126816381
58728.2229402 620.123620018 BRIGHT 5 29290 313.51 -7.56 0.122028807563 114.353754881 -17.0833891143 0.926508832909 1.30665235522
58728.250842 2290.71375983 DARK 0 947 320.42 -9.01 0.122028807563 120.784111607 -19.595351691 0.936187177889 1.35050803135
58728.275015 1968.55128092 DARK 0 931 328.47 -9.39 0.122028807563 128.064184523 -27.6767580924 0.912538604272 1.34938091491
58728.2997138 2013.97196352 DARK 0 2373 333.68 -7.69 0.122028807563 133.037487448 -34.4965841579 0.927502778106 1.30460368126
58728.3239007 1969.75330506 DARK 0 2393 339.41 -7.98 0.122028807563 138.053578543 -41.1954800166 0.927563652194 1.30517358277
58728.34437 1641.6476187 DARK 0 1055 346.01 30.45 0.122028807563 138.074580252 -47.3568946291 0.923468756388 1.00035169076
58728.366981 1833.58598045 DARK 0 2361 350.56 -2.68 0.122028807563 149.256239731 -52.1122635746 0.899776033623 1.21722385322
58728.3884166 1732.03216421 DARK 0 560 1.35 -2.67 0.122028807563 159.23970538 -56.6412595604 0.879112234971 1.21538500992
58728.4132456 2025.22991943 DARK 0 622 7.12 -13.25 0.122028807563 157.59686155 -59.9283324947 0.891701843578 1.42089237333
58728.4379984 2018.64497345 DARK 0 605 14.66 -15.73 0.122028807563 158.820152041 -62.0475626092 0.897088875103 1.48954752751
58728.4638944 2117.41305204 DARK 0 555 22.77 -17.71 0.122028807563 157.949806584 -61.9765627928 0.893843351566 1.55143079609
58728.4845518 1664.79684773 DARK 0 569 25.37 -2.71 0.122028807563 172.380393282 -59.5947119047 0.898700953836 1.24089349628
58728.5054764 1687.88535469 DARK 0 548 31.0 -2.21 0.122028807563 169.672485621 -56.3219994431 0.882430012748 1.24213983817
58729.1238259 1619.76202514 GRAY 4 24281 265.7 26.05 0.209279568769 63.4293242814 22.5177744859 1.03561546051 1.00580302326
58729.1426517 1506.55178145 GRAY 4 23789 263.29 31.04 0.209279568769 63.6714538359 16.9958858533 1.04494949491 1.01531664364
58729.1648021 1793.78933533 GRAY 4 24262 271.25 28.02 0.209279568769 68.4918282162 11.7045400108 1.05371215925 1.01508196517
58729.1824976 1408.88865313 GRAY 4 25212 274.25 36.25 0.209279568769 73.9093081118 5.40377203686 1.04047438881 1.02838130238
58729.1892875 466.64938678 BRIGHT 5 30996 273.18 43.03 0.209279568769 75.9056860244 0.547988851874 1.0270078644 1.07250905727
58729.2159455 2159.29073516 DARK 0 495 310.1 -3.08 0.209279568769 97.9345715628 -1.04161921635 1.03669684339 1.24750418926
58729.2401742 1973.35382469 DARK 0 456 319.4 -3.07 0.209279568769 106.729592501 -9.76946631045 1.02165821548 1.24588395641
58729.2511594 829.119309911 BRIGHT 5 29268 320.49 -6.03 0.209279568769 106.906483596 -16.9421442173 1.03038063144 1.27152948985
58729.2758456 2012.89571722 DARK 0 5488 329.0 2.21 0.209279568769 116.541619506 -20.190776847 1.03472317701 1.16318914949
58729.3026508 2195.96589167 DARK 0 2372 334.54 -10.19 0.209279568769 118.923204261 -27.4580690956 1.04833385943 1.35408271343
58729.3322844 2440.34202027 DARK 0 5528 339.41 7.98 0.209279568769 126.737398203 -35.2478742308 1.04009188215 1.09449959662
58729.3582208 2120.90336052 DARK 0 2420 347.16 -13.23 0.209279568769 128.610130104 -43.6318460596 1.02773201945 1.42132210289
58729.3794903 1717.68878745 DARK 0 1624 0.0 5.33 0.209279568769 145.823302451 -50.6276707321 1.03404676252 1.11873916061
58729.4054634 2124.07381237 DARK 0 611 5.58 -10.64 0.209279568769 144.903754886 -55.9659621722 1.03167005508 1.35922269267
58729.4326214 2226.45518564 DARK 0 606 13.55 -18.26 0.209279568769 145.110472597 -61.6673601291 1.04867006441 1.56575553682
58729.4581267 2083.65450307 DARK 0 574 20.64 -15.46 0.209279568769 150.950303246 -66.0008077989 1.0192586759 1.48709997704
58729.4848915 2192.47530544 DARK 0 280 29.01 -16.94 0.209279568769 152.508770019 -67.6813553537 1.00960687328 1.53382974914
58729.5092591 1985.35980518 DARK 0 303 36.01 -12.98 0.209279568769 157.230784276 -66.3981677143 1.00708900974 1.43465637407
58730.1221038 1546.82361851 GRAY 4 23805 262.61 38.99 0.309411466132 63.1444463466 28.31836728 0.978431986811 1.01091296757
58730.1423416 1628.54770935 GRAY 4 23788 266.14 32.07 0.309411466132 60.2937796687 23.6808959374 0.96195236186 1.0092473731
58730.1629452 1660.14983918 GRAY 4 24260 268.72 30.03 0.309411466132 60.57840585 18.5314250768 0.945791030452 1.02251923708
58730.1824781 1567.63824087 GRAY 4 25233 274.24 40.81 0.309411466132 70.7436298302 13.0610377781 0.908190396186 1.03751082173
58730.2094118 2181.46744173 GRAY 4 23545 309.92 -6.04 0.309411466132 83.6671764012 7.7301203809 0.910446193317 1.30392898314
58730.2180717 628.209065481 BRIGHT 5 29306 313.26 -4.52 0.309411466132 86.9213673313 0.477959029036 0.90244484013 1.25206616991
58730.2530276 2900.19501944 DARK 0 924 317.73 -7.58 0.309411466132 90.4298325546 -1.446781022 0.883762623591 1.30996273744
58730.2777184 2013.28209705 DARK 0 2351 330.67 -7.31 0.309411466132 102.444365177 -12.6390379553 0.861955999623 1.30597013029
58730.3066365 2378.52700651 DARK 0 2355 334.63 -2.71 0.309411466132 107.114373199 -19.8953438446 0.863783032335 1.21785155041
58730.3320783 2078.16917588 DARK 0 2394 342.18 -8.02 0.309411466132 112.353938761 -28.4179394853 0.867982484209 1.30510752991
58730.3578841 2109.62211332 DARK 0 2411 351.63 -10.65 0.309411466132 119.767786373 -35.8883137485 0.887372325782 1.35887434405
58730.378503 1661.4758934 DARK 0 1604 1.35 2.67 0.309411466132 133.010488971 -43.379480815 0.857750344182 1.14677791511
58730.4035984 2048.23985967 DARK 0 597 4.12 -8.0 0.309411466132 131.311676239 -49.246466463 0.861848180283 1.30775135288
58730.4311773 2262.8163854 DARK 0 600 12.34 -8.03 0.309411466132 137.998984107 -56.1352484108 0.887467488115 1.30985328296
58730.4558491 2011.63983891 DARK 0 566 17.44 -2.7 0.309411466132 144.601502521 -63.1203667618 0.865604427366 1.23295659389
58730.4816681 2110.76476798 DARK 0 259 27.65 -12.32 0.309411466132 145.87439074 -68.3539445718 0.836361552534 1.41326635471
58730.5080659 2160.77054785 DARK 0 302 33.77 -11.25 0.309411466132 149.907743493 -71.8271299157 0.850558270689 1.40328781072
58731.1194713 1395.67702518 GRAY 4 23808 263.8 34.09 0.415588987852 56.8977750788 32.5326896206 0.876764347784 1.00359179821
58731.1362903 1333.16093876 GRAY 4 23781 261.57 43.74 0.415588987852 64.6497955504 29.213723118 0.869470894699 1.04019622566
58731.1570522 1673.8230986 GRAY 4 23786 271.68 30.97 0.415588987852 57.993575242 25.691360412 0.876172009523 1.01071369668
58731.1814728 1989.35008099 GRAY 4 25294 270.41 66.56 0.415588987852 87.1785312904 20.9667973273 0.888587111843 1.24106170486
58731.2095133 2223.20347816 GRAY 4 23544 312.18 -4.54 0.415588987852 72.9999387609 14.990127379 0.889857861526 1.28699002738
58731.2355283 2127.69791043 GRAY 4 23525 319.07 -3.01 0.415588987852 79.7212931553 7.72703825804 0.895767116987 1.24504590812
58731.2616148 2133.8709623 GRAY 4 23996 326.91 -7.39 0.415588987852 85.6034961723 0.930314133473 0.889080921578 1.31360668884
58731.2871089 2082.68620544 DARK 0 925 331.51 -9.82 0.415588987852 88.8994390349 -6.72646122152 0.887911725294 1.34651774023
58731.3148848 2279.84372236 DARK 0 2391 337.49 -10.42 0.415588987852 93.972492658 -14.100455966 0.901656768547 1.35444779745
58731.341296 2161.92859434 DARK 0 5483 343.9 0.0 0.415588987852 102.948101597 -22.1695202156 0.912058400936 1.17941199828
58731.3734119 2054.80846904 DARK 0 1664 1.42 13.24 0.415588987852 122.799876237 -31.9421378046 0.9208390178 1.05760610871
58731.3932767 1596.31722243 DARK 0 1672 0.0 15.83 0.415588987852 121.613916059 -39.3261596936 0.898458530679 1.04763638398
58731.4133261 1612.27358293 DARK 0 1585 8.09 0.0 0.415588987852 124.53050943 -45.1262709594 0.93123256816 1.18538418135
58731.4365306 1884.87087426 DARK 0 1636 12.34 8.03 0.415588987852 130.85700812 -50.9220655457 0.932018871724 1.10679178792
58731.4610785 2000.93178152 DARK 0 554 23.69 -15.2 0.415588987852 129.572543004 -57.4919630366 0.919643346753 1.48084963438
58731.4819941 1687.11532066 DARK 0 547 26.67 0.0 0.415588987852 140.250333297 -64.133946344 0.8980666673 1.20494367454
58731.5072141 2059.00116963 DARK 0 304 38.27 -14.63 0.415588987852 139.190757794 -69.2976239981 0.89622642875 1.47203185329
58732.1348421 2200.43179926 GRAY 4 23806 264.87 37.04 0.521884284177 58.7044124914 34.1495524915 0.861528295275 1.00950197949
58732.1652054 2503.38743873 GRAY 4 23787 269.12 33.01 0.521884284177 55.8701273212 30.3086741589 0.842907128053 1.01801735703
58732.1765303 858.466530904 BRIGHT 5 29548 272.74 30.97 0.521884284177 55.0673219917 24.7380521266 0.863290628912 1.04646114617
58732.2109985 1058.05359993 BRIGHT 5 29307 311.0 -6.03 0.521884284177 58.501281289 17.7611317101 0.818126738813 1.27787511671
58732.2495315 3209.25621535 GRAY 4 23063 324.73 9.09 0.521884284177 76.8135443934 14.5471161868 0.835965017281 1.12183991824
58732.2947055 3783.02722452 GRAY 4 23998 329.78 -8.56 0.521884284177 74.6962844524 4.9133695771 0.839743586787 1.32498232948
58732.3435983 3504.34182112 DARK 0 5543 343.23 10.61 0.521884284177 93.3089249596 -9.43633578652 0.876846413884 1.07390388754
58732.3800385 2428.43004383 DARK 0 5572 358.5 18.38 0.521884284177 109.143847494 -23.3733461794 0.882032589762 1.02897444394
58732.4199119 3325.06773456 DARK 0 612 8.37 -10.65 0.521884284177 107.626567166 -31.9417792196 0.876613652829 1.35975368601
58732.4606532 3400.04332215 DARK 0 590 18.63 -13.09 0.521884284177 114.774376359 -43.5972545665 0.879811407663 1.42509544804
58732.5004647 3319.7136212 DARK 0 282 30.71 -11.9 0.521884284177 124.717308271 -55.431475964 0.896079419332 1.40589178956
58732.5146322 1104.07339209 BRIGHT 5 29114 43.65 -14.54 0.521884284177 131.956844677 -66.5742226703 0.907344986014 1.48073957308
58733.1489805 499.096362518 BRIGHT 5 30021 266.96 29.05 0.623616714195 51.4583432225 32.4804318432 0.827874241332 1.04084913492
58733.1559583 482.881388521 BRIGHT 5 29550 267.21 32.07 0.623616714195 54.4871522454 31.6390481601 0.828441747623 1.04889393985
58733.1629815 486.799945729 BRIGHT 5 30022 269.79 30.03 0.623616714195 52.5756075818 30.7376100388 0.846731254163 1.05032711597
58733.170023 488.391169271 BRIGHT 5 29546 269.59 37.81 0.623616714195 60.3210124878 29.7523757416 0.8417704588 1.06430365733
58733.1775752 532.504539344 BRIGHT 5 30973 273.68 33.59 0.623616714195 56.4908460268 28.690004703 0.856035712782 1.05404258433
58733.1844984 478.172927544 BRIGHT 5 30995 275.3 40.81 0.623616714195 63.8183377903 27.4721734362 0.852324115455 1.06705774429
58733.1943188 728.481448444 BRIGHT 5 32477 274.98 74.18 0.623616714195 96.7736952512 26.2885136059 0.842759158831 1.39358000722
58733.205407 748.424168225 BRIGHT 5 29319 313.12 -1.46 0.623616714195 50.2206343469 24.5066709307 0.869669247159 1.21264755905
58733.2157587 774.394881425 BRIGHT 5 29289 315.74 -6.05 0.623616714195 50.4388313475 22.361404135 0.869755927736 1.28072138415
