dc17a/twopct_original.ecsv
# %ECSV 0.9
# ---
# datatype:
# - {name: MJD, datatype: float64}
# - {name: EXPTIME, datatype: float64}
# - {name: PROGRAM, datatype: string}
# - {name: PASS, datatype: int32}
# - {name: TILEID, datatype: int32}
# - {name: RA, datatype: float64}
# - {name: DEC, datatype: float64}
# - {name: MOONFRAC, datatype: float64}
# - {name: MOONDIST, datatype: float64}
# - {name: MOONALT, datatype: float64}
# - {name: SEEING, datatype: float64}
# - {name: AIRMASS, datatype: float64}
# meta: !!omap
# - {START: '2019-08-23'}
# - {STOP: '2019-10-06'}
MJD EXPTIME PROGRAM PASS TILEID RA DEC MOONFRAC MOONDIST MOONALT SEEING AIRMASS
[from data line 129]
58733.2392701 1016.13585368 BRIGHT 5 29269 318.3 -7.55 0.623616714195 51.9890090169 18.0216112194 0.875168768587 1.29756284918
58733.248716 696.121385667 BRIGHT 5 29756 323.64 -10.45 0.623616714195 55.724348078 15.0734659321 0.862765610352 1.35669626306
58733.2570866 603.222140866 BRIGHT 5 29265 326.96 -1.43 0.623616714195 62.138534863 12.8764459394 0.84337814211 1.19940723705
58733.2659697 647.499701189 BRIGHT 5 29778 329.4 -12.88 0.623616714195 60.0674134789 10.8820964423 0.827805701415 1.41182551822
58733.2743155 601.077060536 BRIGHT 5 29760 330.86 -8.54 0.623616714195 62.7951353543 8.72335197585 0.868527495602 1.31525483859
58733.2835948 681.733993279 BRIGHT 5 29740 333.07 -6.77 0.623616714195 65.3902228216 6.66360213682 0.850285817131 1.28194926282
58733.292221 625.299583308 BRIGHT 5 29742 334.71 -11.79 0.623616714195 65.0492950156 4.35348829866 0.869823786138 1.38523939492
58733.3014385 676.391302192 BRIGHT 5 31182 339.94 -10.08 0.623616714195 70.3652776931 2.2206976973 0.873699494219 1.34656841962
58733.3289788 2259.48052329 DARK 0 2358 342.56 -2.7 0.623616714195 75.3843775012 0.0627149437014 0.89615918106 1.21583382715
58733.3527174 1931.01577429 DARK 0 2410 348.84 -10.65 0.623616714195 77.9395040156 -7.90376428017 0.878118127817 1.36274364876
58733.3719443 1541.20574939 DARK 0 118 0.0 20.91 0.623616714195 99.6116265279 -14.4997402871 0.869112351231 1.01918590083
58733.3930989 1707.75829513 DARK 0 561 4.05 -2.67 0.623616714195 94.3802298898 -19.9302836773 0.882211430625 1.21904634515
58733.4143022 1711.96715738 DARK 0 563 9.44 -2.68 0.623616714195 99.0501512085 -25.9810645932 0.864638310394 1.22395928727
58733.4418279 2258.21880277 DARK 0 575 19.67 -17.97 0.623616714195 101.281719681 -32.1052837031 0.885232437819 1.55845003363
58733.4674069 2090.02685747 DARK 0 258 26.78 -14.84 0.623616714195 108.396548887 -40.112635486 0.87656239469 1.47364527817
58733.494314 2204.76999131 DARK 0 301 32.96 -13.82 0.623616714195 113.694578299 -47.575621192 0.894333890045 1.45984377373
58733.5245117 2489.08205157 DARK 0 306 42.85 -17.83 0.623616714195 118.735792596 -55.3978782635 0.899915441495 1.57764208311
58747.124077 3051.47372086 DARK 0 1582 274.51 71.56 0.586004131482 87.9507765421 -33.367403624 0.73162708904 1.29947783089
58747.1330784 657.727990264 BRIGHT 5 30977 269.04 42.57 0.586004131482 116.579342382 -27.2729402332 0.729115613759 1.07513575247
58747.1749094 3474.66860877 DARK 0 494 312.35 -1.54 0.586004131482 121.727526036 -25.519910711 0.695086375485 1.25060323194
58747.2101342 2923.42641746 DARK 0 949 324.73 -5.92 0.586004131482 112.327610462 -16.3461231273 0.672602961655 1.30625584597
58747.2383019 2313.68547463 DARK 0 4 335.03 19.88 0.586004131482 93.8118070031 -7.59632124393 0.676425783977 1.03880076816
58747.2811109 3578.6979806 GRAY 4 25397 336.68 -12.24 0.586004131482 104.046258333 0.33026654024 0.667617292613 1.3967186704
58747.321107 3335.66302859 GRAY 4 25442 346.5 -7.92 0.586004131482 94.090303999 11.8087926032 0.683804857391 1.30508231703
58747.3598198 3224.78560689 GRAY 4 25431 1.6 -5.24 0.586004131482 79.6215486475 23.3273363176 0.700836091618 1.25656966264
58747.4119672 3785.53852568 GRAY 4 23664 16.02 -15.7 0.586004131482 71.661858666 36.8186025889 0.691126576418 1.49000470507
58747.4488846 3069.66682044 GRAY 4 24638 25.71 0.09 0.586004131482 56.3954421435 50.3031513691 0.674647307262 1.19949173278
58747.4632756 1123.37736887 BRIGHT 5 29127 40.62 -15.53 0.586004131482 52.9184108732 61.167397112 0.666653996589 1.50439602779
58749.1072587 2357.14734566 DARK 0 1578 280.19 73.91 0.372588830776 84.1743301259 -35.9700676978 0.726284243813 1.34470785339
58749.1294844 1800.30320463 DARK 0 121 270.0 69.09 0.372588830776 88.4999409062 -35.8909570317 0.72624914849 1.27977105171
58749.1564136 2131.64863133 DARK 0 508 310.02 0.0 0.372588830776 146.303526926 -34.7240499478 0.734926253123 1.21135685658
58749.1641432 547.831422255 BRIGHT 5 29321 308.54 -4.49 0.372588830776 150.74760181 -32.1055500805 0.723681839304 1.24416299922
58749.1915621 2248.99847551 DARK 1 6219 318.33 -4.58 0.372588830776 142.887024782 -31.1313089727 0.718482085922 1.26152911408
58749.2135517 1779.89898606 DARK 0 930 327.66 -6.87 0.372588830776 136.191129351 -26.9729241739 0.705173769461 1.29940527907
58749.2407258 2227.84142959 DARK 0 2374 332.83 -5.19 0.372588830776 131.193390802 -22.9506223566 0.715534386102 1.26150842144
58749.2640857 1898.2950983 DARK 0 2357 339.92 -2.71 0.372588830776 124.184171247 -17.2953998937 0.717125535495 1.21775228136
58749.2877016 1920.41872854 DARK 0 2378 343.78 -5.38 0.372588830776 122.114561346 -11.9446220139 0.728171706335 1.25829877462
58749.3238998 1807.52386673 GRAY 4 25448 2.95 -7.89 0.372588830776 105.895274872 -1.54885627815 0.731202076936 1.30633714458
58749.3446726 1674.76800664 GRAY 4 25391 1.62 0.1 0.372588830776 104.486620369 3.46212534664 0.741519495748 1.18238516497
58749.3703047 2094.6146512 GRAY 4 23672 13.08 -15.72 0.372588830776 99.9723028873 8.99087511772 0.725493199273 1.48582158979
58749.3959121 2092.47360843 GRAY 4 23653 18.97 -15.64 0.372588830776 95.0006937467 16.1049457327 0.722201565789 1.48903305051
58749.4214714 2088.32568391 GRAY 4 23603 27.07 -17.62 0.372588830776 88.9285496309 23.4013004362 0.731635723718 1.55225961554
58749.4457855 1980.73771727 GRAY 4 23329 34.17 -14.33 0.372588830776 81.6596091335 30.8200674975 0.728999044517 1.46385189615
58749.4686122 1852.22946754 GRAY 4 23332 36.65 -6.79 0.372588830776 76.5076940086 37.9669554639 0.735498822043 1.32618707176
58749.4849896 695.004133776 BRIGHT 5 29100 51.1 -16.43 0.372588830776 68.9485109613 46.7870826825 0.714300079001 1.53761232028
58749.5116811 2186.14821374 GRAY 4 23301 60.18 -16.51 0.372588830776 61.9381031696 49.5870606762 0.734026160449 1.51497488038
58750.1032421 2089.34609694 DARK 0 3667 270.0 74.17 0.267261898288 82.9621657006 -33.94550059 1.01698863704 1.35517658685
58750.1261039 1855.26481702 DARK 1 8009 274.71 66.56 0.267261898288 90.5407056587 -36.0478020807 1.00506502077 1.22870141364
58750.1540617 2239.74027865 DARK 0 471 315.08 6.12 0.267261898288 148.255469423 -36.8737529514 1.02109211718 1.16849479828
58750.1623192 593.449833343 BRIGHT 5 29330 310.77 0.07 0.267261898288 155.945793934 -36.4648773371 1.04076566914 1.18102122648
58750.1870457 2016.36824229 DARK 0 926 322.05 -4.51 0.267261898288 152.331036327 -36.0478225713 1.02919385844 1.27549564776
58750.2157544 2360.42724834 DARK 0 968 323.99 -12.98 0.267261898288 155.474011876 -34.0334973322 1.04005144529 1.42055391394
58750.2418744 2136.76963304 DARK 0 5487 333.33 0.0 0.267261898288 141.499457485 -30.3891064666 1.04500063484 1.18238001795
58750.2686626 2194.50140724 DARK 0 5507 339.92 2.71 0.267261898288 134.964962479 -26.0454288809 1.04572291891 1.14665527896
58750.2946257 2123.21334927 DARK 0 2409 346.04 -10.64 0.267261898288 135.910053174 -20.7693536338 1.0403081886 1.35941347034
58750.3205609 2120.80287122 DARK 1 6372 3.87 -10.61 0.267261898288 119.73333556 -15.0243005229 1.02048653464 1.36814766847
58750.3414505 1684.86247889 DARK 0 1583 2.7 0.0 0.267261898288 117.441377379 -8.7960875141 1.02930430956 1.18151841765
58750.3611607 1582.96025095 DARK 0 1638 6.86 8.01 0.267261898288 110.61872174 -2.14640743724 1.00311136077 1.10252767305
58750.3899901 2370.86044305 GRAY 4 23648 16.65 -7.93 0.267261898288 108.006932028 1.99405579894 1.00203012008 1.30810286442
58750.4137945 1936.70112049 GRAY 4 23622 24.95 -15.37 0.267261898288 103.147713287 9.64947269334 1.00121162471 1.48798926075
58750.4407202 2206.37718377 GRAY 4 23328 33.32 -16.85 0.267261898288 96.3635504958 16.2998520108 0.996658295206 1.532572466
58750.4484729 549.832186965 BRIGHT 5 29112 39.15 -11.15 0.267261898288 89.3935374425 24.0054938475 1.00684179666 1.39849220875
58750.4753251 2200.02758645 GRAY 4 23366 41.84 -17.26 0.267261898288 89.3432300075 26.251760358 0.987058016528 1.56670045854
58750.505488 2486.08095117 GRAY 4 23339 52.34 -17.97 0.267261898288 80.7838393029 34.1024310164 0.984513028411 1.58479404231
58752.1017354 1517.21253379 DARK 0 2182 276.25 42.58 0.0913647968591 105.143260083 -25.9694225358 1.02373907106 1.02163601053
58752.1209353 1538.8644405 DARK 0 2162 273.65 35.75 0.0913647968591 107.499889874 -30.0061719107 1.03520105285 1.02963426362
58752.147429 2160.3563083 DARK 0 470 312.89 7.64 0.0913647968591 152.34199223 -33.6907447793 1.04707956813 1.13985231407
58752.1561784 635.950529039 BRIGHT 5 29320 310.83 -2.98 0.0913647968591 158.479637397 -37.947858255 1.03443492769 1.22420307902
58752.1801816 1953.8793999 DARK 0 927 324.2 -2.96 0.0913647968591 166.790289088 -39.1063095646 1.03966356291 1.26365216176
58752.2030056 1851.99148079 DARK 0 929 326.88 -4.31 0.0913647968591 168.806059428 -41.5512782309 1.03135416423 1.25638011147
58752.2246897 1753.50383259 DARK 0 23 335.67 29.65 0.0913647968591 134.851380327 -42.7683086579 1.03545009599 1.0110144864
58752.250971 2150.70746506 DARK 0 2376 338.39 -5.37 0.0913647968591 167.430004268 -42.8453668521 1.06831183979 1.26158393259
58752.2777281 2191.80912641 DARK 0 5525 343.78 5.38 0.0913647968591 155.92472992 -41.5259245687 1.05646882033 1.11822963481
58752.3132923 1752.74637155 DARK 0 1104 358.3 28.26 0.0913647968591 129.771495409 -36.7428421306 1.08340693034 1.0020946587
58752.336739 1905.80137 DARK 1 6322 2.43 -2.65 0.0913647968591 147.642702571 -33.0732410368 1.08065707123 1.21749432818
58752.3626715 2120.56787201 DARK 0 613 11.16 -10.65 0.0913647968591 142.047860406 -28.4242232593 1.10749538984 1.36136583311
58752.3923036 2440.21119762 DARK 0 602 17.82 -8.02 0.0913647968591 135.552418544 -22.6324584847 1.07218243578 1.31298292742
58752.4161406 1939.51811386 DARK 0 570 24.34 -5.33 0.0913647968591 129.144135792 -15.3781640861 1.07718633366 1.27836938937
58752.4399123 1933.87492721 DARK 0 283 31.53 -9.39 0.0913647968591 123.464208562 -9.17013855513 1.074213523 1.36319198036
58752.4724006 2086.99005255 DARK 0 288 41.19 -13.43 0.0913647968591 115.333817939 -0.202268701812 1.03042268709 1.46838207789
58752.500957 2347.27401679 GRAY 4 23338 50.02 -16.45 0.0913647968591 107.792756264 6.50876046767 1.04323156643 1.55867131875
58753.1061344 1976.03050317 DARK 0 2183 274.04 40.53 0.0343809348702 98.8316150679 -19.3492053337 1.82367061441 1.02022181777
58753.1146046 611.830679661 BRIGHT 5 29549 270.18 33.01 0.0343809348702 98.4127257668 -25.5428157504 1.85846045387 1.05493037481
58753.1232596 627.791700494 BRIGHT 5 29547 271.66 35.74 0.0343809348702 98.5568198628 -27.6122350029 1.86631697252 1.06355819274
58753.1608716 3110.65970579 DARK 0 448 315.54 9.1 0.0343809348702 146.311674384 -29.6684976035 1.87431030353 1.13102200335
58753.1948152 2812.73082712 DARK 0 452 324.2 2.96 0.0343809348702 156.440845703 -37.7530749202 1.88797240674 1.16913731105
58753.2279098 2739.37456722 DARK 0 24 334.67 27.1 0.0343809348702 141.266426414 -43.4327801962 1.88931232377 1.01640634395
58753.2617575 2804.44035839 DARK 0 2350 338.61 0.0 0.0343809348702 167.965845135 -46.887438652 1.87547506937 1.17979013831
58753.2915053 2450.20593768 DARK 0 2347 346.56 0.0 0.0343809348702 169.759918078 -47.762361979 1.86741732455 1.17930687588
58753.3168759 2072.01820436 DARK 0 1098 358.19 33.02 0.0343809348702 135.416290764 -46.1770340915 1.85671249626 1.00026276729
58753.3416389 2019.53115192 DARK 0 1623 2.72 5.34 0.0343809348702 157.800988913 -43.2441645223 1.83637366492 1.12359611599
58753.3743433 2705.65419572 DARK 0 615 12.84 -13.23 0.0343809348702 154.457970525 -39.226988762 1.86755148203 1.423866491
58753.3994859 2052.32239058 DARK 0 1617 18.91 5.38 0.0343809348702 145.387444656 -32.5912175116 1.85823151897 1.13486399592
58753.4279346 2337.97101258 DARK 0 550 27.17 -5.19 0.0343809348702 140.999310249 -26.7345966757 1.87774828396 1.27926204513
58753.4702194 2333.40631799 DARK 0 4252 35.8 -2.96 0.0343809348702 132.876280358 -15.8692068761 1.86746945156 1.2814847388
58753.512918 3569.15767433 DARK 0 273 53.18 -18.08 0.0343809348702 117.524201132 -8.0973463554 1.85541958696 1.5902176454
58753.522751 678.737687685 BRIGHT 5 30633 111.38 34.92 0.0343809348702 59.1763608365 4.21701428885 1.83464318074 1.12258584132
58754.088716 549.617945272 BRIGHT 5 30045 269.5 24.23 0.00518149167464 90.4909662905 -11.7716807704 0.899366532061 1.0352858641
58754.0956537 479.419457836 BRIGHT 5 30043 266.77 26.05 0.00518149167464 87.7522247726 -13.986244104 0.896753881554 1.05471680958
58754.1144701 1505.73259415 DARK 0 2201 274.38 45.17 0.00518149167464 91.4040318985 -15.9535084859 0.868202544488 1.04919586155
58754.1408252 2118.27224671 DARK 1 6242 309.18 -7.62 0.00518149167464 132.608285657 -21.2051965425 0.854046270619 1.33475732433
58754.1502005 690.023792387 BRIGHT 5 29338 308.43 1.59 0.00518149167464 130.662493599 -28.3002194674 0.872358368853 1.16037551148
58754.177593 2246.71218672 DARK 1 6707 317.1 -12.05 0.00518149167464 139.577056101 -30.731083793 0.870564489947 1.40628242651
58754.1993369 1758.67510914 DARK 0 31 328.47 9.39 0.00518149167464 147.151235383 -37.4631538805 0.892370471519 1.09656656779
58754.2233178 1951.95293889 DARK 0 5509 334.63 2.71 0.00518149167464 155.016455664 -42.2945462465 0.88580351858 1.15656759915
58754.2455977 1804.98034242 DARK 0 5514 339.36 15.46 0.00518149167464 151.901914108 -46.8962291055 0.87029025864 1.04500306951
58754.2675827 1779.50679075 DARK 0 5541 344.93 8.03 0.00518149167464 160.763364748 -50.2634406493 0.896140577176 1.09437398804
58754.2908881 1893.58670935 DARK 0 2381 351.86 -5.35 0.00518149167464 172.187139446 -52.4913219981 0.89902856319 1.2573715724
58754.3113775 1650.27706403 DARK 1 5903 1.08 0.02 0.00518149167464 175.292485201 -53.4447549345 0.901694128902 1.17871397979
58754.3384281 2217.17981939 DARK 0 1653 2.79 10.63 0.00518149167464 164.727451245 -52.9975209778 0.908923392883 1.07651778815
58754.3626726 1974.71767963 DARK 0 614 13.96 -10.64 0.00518149167464 165.728190386 -50.6478778467 0.885597514645 1.36081832489
58754.3860217 1897.36574488 DARK 0 589 19.61 -10.55 0.00518149167464 160.961991809 -47.0966951576 0.899356585237 1.36562096258
58754.4094077 1900.55404398 DARK 0 552 25.46 -10.19 0.00518149167464 155.88596941 -42.6807627082 0.910369256546 1.3668557383
58754.4306058 1711.51001355 DARK 0 262 30.16 -4.8 0.00518149167464 152.279199851 -37.5309571684 0.903988411124 1.28031372011
58754.4758031 3785.05157914 DARK 0 1874 42.27 7.58 0.00518149167464 138.953235127 -32.4003478752 0.92092152106 1.10800811186
58754.5039661 2313.28374944 DARK 0 4265 58.55 -15.02 0.00518149167464 124.654503279 -20.4795743206 0.943090519792 1.48350561693
58754.5119908 539.184925782 BRIGHT 5 30612 109.24 29.94 0.00518149167464 75.0770267049 -12.6154823404 0.924669587113 1.13039128668
58756.0964724 776.108919527 BRIGHT 5 30044 269.51 27.04 0.0366643749966 70.9221060755 2.62785637278 0.860588174757 1.04426694886
58756.1046512 586.649588338 BRIGHT 5 30998 268.47 47.24 0.0366643749966 77.1601822619 -0.105411329987 0.851899971178 1.08921883433
58756.1124041 549.846014968 BRIGHT 5 30976 271.26 40.52 0.0366643749966 76.4901307065 -1.87728176225 0.845157962319 1.06838173169
58756.1476038 2896.10917266 DARK 1 6241 311.41 -6.12 0.0366643749966 105.859206279 -5.05098807047 0.854754140182 1.31216717438
58756.1796253 2646.662369 DARK 0 455 321.55 -1.53 0.0366643749966 115.974544306 -15.8339887132 0.876646565913 1.22376285436
58756.2122742 2700.86170245 DARK 0 2352 329.84 -4.8 0.0366643749966 123.126111408 -25.2491927482 0.88257572605 1.26172041988
58756.2502004 3156.82487636 DARK 0 2375 335.66 -5.33 0.0366643749966 128.142385015 -34.6584630563 0.878791287703 1.25797852395
58756.2836142 2766.9482624 DARK 0 2395 344.93 -8.03 0.0366643749966 135.645786267 -45.1107835055 0.865605447422 1.30637158664
58756.3101665 2174.12579401 DARK 1 11262 359.73 2.69 0.0366643749966 152.00095827 -53.5083508259 0.866569184495 1.14644661035
