dc17a/twopct_original.ecsv
# %ECSV 0.9
# ---
# datatype:
# - {name: MJD, datatype: float64}
# - {name: EXPTIME, datatype: float64}
# - {name: PROGRAM, datatype: string}
# - {name: PASS, datatype: int32}
# - {name: TILEID, datatype: int32}
# - {name: RA, datatype: float64}
# - {name: DEC, datatype: float64}
# - {name: MOONFRAC, datatype: float64}
# - {name: MOONDIST, datatype: float64}
# - {name: MOONALT, datatype: float64}
# - {name: SEEING, datatype: float64}
# - {name: AIRMASS, datatype: float64}
# meta: !!omap
# - {START: '2019-08-23'}
# - {STOP: '2019-10-06'}
MJD EXPTIME PROGRAM PASS TILEID RA DEC MOONFRAC MOONDIST MOONALT SEEING AIRMASS
[from data line 256]
58756.3822719 2672.14751576 DARK 0 565 14.78 -2.7 0.0366643749966 162.939139514 -64.5850871689 0.856689881433 1.22936749575
58756.4154952 2750.49653272 DARK 0 551 26.32 -7.69 0.0366643749966 164.734210782 -64.7836817492 0.86207989864 1.3146828043
58756.4506523 2917.57566258 DARK 0 286 36.75 -10.28 0.0366643749966 161.047777937 -60.9102199992 0.848776175067 1.37475202502
58756.4706911 1011.35386223 BRIGHT 5 29067 52.06 -10.54 0.0366643749966 152.071318509 -52.1549317663 0.825478747807 1.37999505499
58756.5132335 3555.65707981 DARK 0 5043 63.57 -14.81 0.0366643749966 140.633440042 -48.9299759874 0.831809848543 1.46279604054
58757.0922333 487.595246809 BRIGHT 5 29569 268.08 35.04 0.0932685860854 65.9671227766 10.3162016092 1.77169691266 1.04762466202
58757.0999507 546.788461253 BRIGHT 5 30970 267.41 39.82 0.0932685860854 68.309311531 8.35544042112 1.76202819752 1.06884682156
58757.1105083 792.17473237 BRIGHT 5 32476 264.8 73.89 0.0932685860854 89.9205440661 6.19840435575 1.78459157863 1.40001362807
58757.1461529 2870.72595399 GRAY 4 23557 312.04 -1.47 0.0932685860854 93.1336475113 3.26671384793 1.78090270852 1.2373410774
58757.182629 3031.53936386 DARK 0 966 321.04 -11.87 0.0932685860854 99.1525253379 -7.26836544206 1.78996874167 1.41324823973
58757.2174061 2884.74058784 DARK 1 6694 330.38 -11.88 0.0932685860854 107.438196313 -18.037933664 1.82155343417 1.39723575894
58757.2518797 2858.51975088 DARK 1 8154 337.67 -7.87 0.0932685860854 114.913749945 -28.2896821931 1.82203602154 1.30263792625
58757.2842929 2680.49845395 DARK 0 5524 346.47 5.38 0.0932685860854 126.093640837 -38.3469325478 1.82826537137 1.11905816108
58757.3104425 2139.32175344 DARK 1 7386 1.08 5.36 0.0932685860854 139.793564123 -47.5540685301 1.81973383222 1.11847496248
58757.3452488 2887.27012932 DARK 0 598 6.86 -8.01 0.0932685860854 139.966215261 -54.6320330575 1.82882099639 1.30691189711
58757.3824289 3092.35837737 DARK 0 591 17.63 -15.63 0.0932685860854 142.951820583 -63.0636488709 1.83619146046 1.4892183787
58757.4111205 2358.95215908 DARK 0 546 24.03 0.0 0.0932685860854 157.435664133 -69.3073638478 1.8310974346 1.20438924571
58757.4432332 2654.53444876 DARK 0 265 35.27 -5.92 0.0932685860854 159.814933155 -70.3700934714 1.82443633595 1.29225327505
58757.4775471 2844.72502332 DARK 0 4292 43.05 -1.54 0.0932685860854 165.772878815 -66.9819781336 1.81248087589 1.2410282319
58757.4899424 897.723861707 BRIGHT 5 32150 102.33 47.23 0.0932685860854 121.25712954 -59.8727279247 1.80031504138 1.14079465569
58757.5276197 3135.31453188 DARK 0 1788 104.01 40.91 0.0932685860854 121.754533765 -56.8268153096 1.81690668632 1.10409257188
58758.0885074 843.115137967 BRIGHT 5 32480 261.76 71.07 0.170499569713 89.1840092439 19.2428012317 1.03760294784 1.33291501108
58758.0969157 606.479767422 BRIGHT 5 30978 266.67 44.58 0.170499569713 68.0267668161 16.437569115 1.02880051241 1.08318993469
58758.107359 782.300477979 BRIGHT 6 35311 271.25 33.01 0.170499569713 61.3652662583 14.2743073323 1.01685741542 1.05771647287
58758.15271 3780.40789032 GRAY 4 23537 314.64 6.2 0.170499569713 84.2169131353 11.5410491877 1.00521768234 1.158149536
58758.1920179 3276.20147996 GRAY 4 23995 324.75 -8.94 0.170499569713 89.1779979171 -0.339675499348 0.985430237173 1.34961698093
58758.2322359 3354.83520811 DARK 0 5491 333.68 7.69 0.170499569713 101.782393816 -12.2197377648 0.980157836919 1.10174217384
58758.2768789 3137.14947301 DARK 0 5545 345.34 15.73 0.170499569713 114.065266022 -25.9893342448 0.984314821365 1.04153149128
58758.3368444 2661.02085219 DARK 0 1676 1.5 18.38 0.170499569713 128.733268264 -45.1445929419 0.987021317193 1.03571837988
58758.3819832 3777.31730789 DARK 0 592 16.6 -18.15 0.170499569713 128.032630069 -54.3196338653 0.978494879452 1.56372080949
58758.4157269 2795.45436812 DARK 0 1595 25.37 2.71 0.170499569713 146.12731757 -66.2118538141 0.955968434618 1.16832172119
58758.4743883 3748.3427452 DARK 0 290 45.73 -16.51 0.170499569713 144.662448502 -74.4540479912 0.955466848316 1.52737095685
58758.4876798 960.734496255 BRIGHT 5 32149 104.96 49.26 0.170499569713 130.659247165 -71.7343759468 0.980951030228 1.16927884789
58758.5330727 3201.94253293 DARK 0 1820 109.14 30.69 0.170499569713 132.522057169 -67.6199587832 0.994998776251 1.12304500001
58760.097335 1159.65610232 BRIGHT 5 31016 267.78 51.9 0.361322940047 74.2054579156 28.8147307874 1.05655188215 1.11212564755
58760.1400182 1767.82403039 BRIGHT 5 29328 310.82 3.13 0.361322940047 54.9777759281 22.3332569255 1.08721208934 1.15072840348
58760.169535 1830.25511607 BRIGHT 5 29257 318.74 -10.54 0.361322940047 56.2116134306 16.1266349984 1.06086808934 1.36204669446
58760.5125936 3720.25905167 BRIGHT 5 32166 100.31 49.78 0.361322940047 150.123030425 -72.5499005337 0.98377958261 1.14141279069
58760.5409992 2334.24489574 BRIGHT 5 29671 116.95 17.38 0.361322940047 151.32317328 -80.154612665 0.982348776909 1.17475676609
58761.082244 532.132632769 BRIGHT 5 31031 266.92 56.58 0.463132000735 80.1755394256 33.0500764502 1.11831796509 1.14200746225
58761.0902138 568.586760983 BRIGHT 6 35784 270.85 30.03 0.463132000735 53.4891823927 32.3860454591 1.14884665538 1.04996756192
58761.0968503 453.390852238 BRIGHT 5 30997 270.9 45.16 0.463132000735 68.5864045369 31.5740930611 1.12490840398 1.08198057201
58761.1257822 2360.2600316 GRAY 4 23517 314.98 9.21 0.463132000735 51.1510109451 30.8145350443 1.12819419873 1.13626644295
58761.1534643 2271.73371908 GRAY 4 23498 324.22 -5.97 0.463132000735 50.4787575705 26.6954955502 1.13794065819 1.33035156111
58761.1790927 2094.29972377 GRAY 4 23974 326.37 -4.43 0.463132000735 52.836010162 21.7035425123 1.13790075224 1.25931218011
58761.2164891 3111.04200897 GRAY 4 23501 330.72 -1.29 0.463132000735 57.8884440967 16.361219553 1.15541434011 1.1992317476
58761.2510902 2869.53949685 GRAY 4 25419 339.74 -12.61 0.463132000735 61.2859201994 7.65636458315 1.15135788032 1.40380313229
58761.2756912 2005.52352499 DARK 0 2398 353.14 -8.01 0.463132000735 74.8595870273 -0.581577961304 1.14395091948 1.30501569879
58761.3090609 2763.14280251 DARK 1 7415 3.87 10.65 0.463132000735 91.7431524926 -7.86325528198 1.12245555717 1.07438955525
58761.3343057 2061.15224345 DARK 0 1662 7.12 13.25 0.463132000735 95.2603380519 -17.0995886154 1.13424553153 1.06126548548
58761.3603932 2133.95827922 DARK 0 603 16.77 -10.61 0.463132000735 94.3114956923 -24.2445402232 1.14634888655 1.36553510135
58761.3858194 2076.82530072 DARK 0 553 24.59 -12.69 0.463132000735 99.9853983636 -31.7330827895 1.1381622836 1.41903878784
58761.4108176 2039.84279928 DARK 0 1589 27.65 12.32 0.463132000735 112.510566287 -39.1003741302 1.1327563794 1.08785529271
58761.4482487 3114.04722092 DARK 0 1897 39.58 9.01 0.463132000735 121.9301028 -46.3771313135 1.14477659471 1.10276969502
58761.4787526 2515.54230447 DARK 0 272 50.82 -16.6 0.463132000735 118.277451654 -57.2486751135 1.1406721725 1.55833450351
58761.507261 2287.48720921 DARK 0 3298 102.66 43.76 0.463132000735 159.05058022 -65.9417676438 1.13846022044 1.10272916962
58761.5282478 1693.25741008 DARK 0 843 116.62 17.79 0.463132000735 163.920544629 -73.6018111375 1.15409124406 1.17813160775
